Feature,Missing_Count,Missing_Percent,Type
roof_substrate_type_u,198,52.659574468085104,Categorical
retrofit_type_u,184,48.93617021276596,Categorical
wall_substrate_u,175,46.54255319148936,Categorical
wall_thickness,137,36.43617021276596,Numeric
foundation_type_u,101,26.861702127659576,Categorical
roof_system_u,71,18.882978723404257,Categorical
roof_cover_u,50,13.297872340425531,Categorical
wall_fenestration_per_n,38,10.106382978723403,Numeric
retrofit_present_u,31,8.24468085106383,Categorical
mwfrs_u_roof,30,7.9787234042553195,Categorical
wall_fenestration_per_e,29,7.712765957446808,Numeric
wall_fenestration_per_w,26,6.914893617021277,Numeric
wall_fenestration_per_s,24,6.382978723404255,Numeric
wall_cladding_u,14,3.723404255319149,Categorical
overhang_length_u,9,2.393617021276596,Numeric
occupany_u,8,2.127659574468085,Categorical
mwfrs_u_wall,5,1.3297872340425532,Categorical
structural_wall_system_u,5,1.3297872340425532,Categorical
construction_type_u,4,1.0638297872340425,Categorical
parapet_height_m,4,1.0638297872340425,Numeric
year_built_u,3,0.7978723404255319,Numeric
archetype,2,0.5319148936170213,Categorical
roof_slope_u,1,0.26595744680851063,Categorical
ef_numeric,0,0.0,Numeric
number_stories,0,0.0,Numeric
building_position_on_street,0,0.0,Categorical
roof_shape_u,0,0.0,Categorical
building_urban_setting,0,0.0,Categorical
wall_length_front,0,0.0,Numeric
wall_length_side,0,0.0,Numeric
buidling_height_m,0,0.0,Numeric
building_area_m2,0,0.0,Numeric
distance_km,0,0.0,Numeric
